f #0f0 1 m 11.95 -37.45 q 11.45 -38.55 10.75 -39.55 q 10.1 -40.5 9.2 -41.4 q 8.15 -42.45 7 -43.25 q 7 -43.05 7 -42.85 q 6.95 -42.5 6.9 -42.2 q 6.85 -41.75 6.75 -41.35 q 6.25 -39.2 4.95 -37.55 q 4.05 -36.35 2.7 -35.9 q 2.2 -35.7 1.5 -35.6 l 1.5 -35.8 l -0.05 -40.55 l -1.5 -35.6 q -2.15 -35.75 -2.65 -35.9 q -4 -36.35 -4.95 -37.55 q -6.25 -39.2 -6.7 -41.3 q -6.8 -41.7 -6.85 -42.15 q -6.9 -42.45 -6.9 -42.8 q -6.95 -43 -6.95 -43.2 q -8.1 -42.45 -9.15 -41.4 q -10.05 -40.5 -10.75 -39.55 q -11.25 -38.85 -11.6 -38.15 q -11.8 -37.8 -11.95 -37.45 q -12.05 -37.2 -12.15 -36.95 q -12.45 -36.2 -12.65 -35.4 q -12.95 -34.05 -13 -32.6 q -13 -32.45 -13 -32.25 q -13 -31.9 -12.95 -31.6 q -12.9 -30.3 -12.6 -29.05 q -12.4 -28.15 -12.05 -27.3 q -12 -27.2 -11.95 -27.1 q -11.85 -26.9 -11.75 -26.7 q -11.5 -26.15 -11.2 -25.65 q -11 -25.3 -10.75 -24.95 q -10.05 -23.95 -9.15 -23.05 q -8.15 -22 -6.95 -21.25 q -6.95 -21.4 -6.95 -21.6 q -6.9 -21.9 -6.85 -22.3 q -6.8 -22.75 -6.7 -23.2 q -6.25 -25.3 -4.95 -26.95 q -4 -28.15 -2.65 -28.6 q -2.15 -28.75 -1.5 -28.85 l -1.5 37.2 q -1.5 37.8 -1.05 38.25 q -1 38.3 -0.95 38.35 q -1.4 38.5 -1.8 38.9 q -2.5 39.6 -2.5 40.65 q -2.5 41.7 -1.8 42.45 q -1.05 43.15 0 43.15 q 1.05 43.15 1.75 42.45 q 2.5 41.7 2.5 40.65 q 2.5 39.6 1.75 38.9 q 1.4 38.5 0.95 38.35 q 1 38.3 1.05 38.25 q 1.5 37.8 1.5 37.2 l 1.5 -28.85 q 2.2 -28.8 2.7 -28.6 q 4.05 -28.15 4.95 -26.95 q 6.25 -25.25 6.75 -23.15 q 6.85 -22.7 6.9 -22.25 q 6.95 -21.9 7 -21.55 q 7 -21.4 7 -21.25 q 8.15 -22 9.2 -23.05 q 10.1 -23.95 10.8 -24.95 q 11.1 -25.4 11.4 -25.95 q 11.7 -26.5 11.95 -27.1 q 12 -27.2 12.05 -27.3 q 12.4 -28.15 12.65 -29.05 q 12.95 -30.25 13 -31.6 q 13 -31.9 13 -32.25 q 13 -32.45 13 -32.6 q 12.95 -34.05 12.65 -35.4 q 12.5 -36.05 12.25 -36.7 q 12.1 -37.05 11.95 -37.45 m 0 39.15 q 0.65 39.15 1.05 39.6 q 1.5 40 1.5 40.65 q 1.5 41.3 1.05 41.75 q 0.65 42.15 0 42.15 q -0.65 42.15 -1.1 41.75 q -1.5 41.3 -1.5 40.65 q -1.5 40 -1.1 39.6 q -0.65 39.15 0 39.15 h c
f #0f0 1 m 3.65 -39.8 l 3.95 -43.15 l 3.2 -42.55 q 2.4 -41.75 1.95 -40.65 l 1.8 -39.6 q 0.15 -22.75 -0.6 -8.95 q -1.2 4.2 -1.15 17.35 q -1.1 19 -1.1 20.75 l -3.55 20.75 q -3.9 20.9 -4.05 21.1 l -3.9 21.2 l -3.55 21.3 l -1.55 21.3 l -1.65 21.75 q -2 32.2 -1.4 41.95 q -1.4 42 -1.4 42.05 l -1.4 42.2 l -1.35 42.7 q -1.1 43.1 0.15 43 l 1 42.8 q 1.35 42.65 1.4 42.4 q 1.5 42.35 1.5 42.3 q 1.5 42 1.4 42 l 1.4 41.7 q 0.95 32.8 1.7 21.75 l 1.75 21.3 l 2.1 21.3 l 2.8 21.3 l 3.45 21.3 l 3.85 21.1 q 3.7 20.85 3.45 20.75 l 2.8 20.75 l 2.1 20.75 l 1.5 20.75 q 1.5 19 1.4 17.35 q 1.3 -11.05 3.65 -39.8 c
f #0f0 1 m 1.55 -37.6 l 0.05 -42.4 l -1.25 -37.6 l -2.05 5.8 l -2.25 18.4 l -2.35 23 l -2.75 23 l -6.25 23 q -7.95 22.9 -8.1 22.75 q -9.3 23.6 -8.1 24.45 q -8 24.3 -6.25 24.25 l -1.65 24.25 l -1 24.75 l -1.7 27.85 l -1.05 31.35 l -1.05 32.15 l -1.05 34.95 q -0.9 37.3 -1.55 38.9 q -2.05 40.05 -2.95 40.85 q -2.7 41.15 -2.4 41.35 q -0.1 43.35 2.7 40.85 q 0.6 38.95 0.8 34.95 l 0.8 32.15 l 0.8 31.35 l 1.45 27.85 l 0.85 25 l 1.7 24.2 l 6.2 24.25 q 7.95 24.3 8.05 24.45 q 9.25 23.6 8.05 22.75 q 8 22.9 6.2 23 l 5.45 23 l 3.75 23.05 l 2.65 23.1 l 2.6 18.4 l 2.35 5.8 l 1.55 -37.6 c
f #0f0 1 m 4.05 -15.5 l 3.7 -15.55 l 1.4 -16 l -0.5 -16.4 l -1.5 -16.6 l -3.25 -17 q -3.7 -15.1 -4.05 -13 q -4.25 -11.8 -4.4 -10.55 q -4.6 -8.85 -4.75 -7.05 q -4.95 -4.55 -5 -2.2 q -5.05 0.6 -4.9 3.25 l 1.7 3.25 l 1.85 4.05 l 1.65 4.05 q 1.45 9.1 1 12.35 q 0.85 13.15 0.5 13.8 q -0.25 15.2 0.85 16.4 q 1.15 16.7 1.45 16.85 q 1.9 17.05 2.45 16.85 q 2.6 16.75 2.8 16.65 q 3.4 16.25 3.75 15.65 q 4.6 14.1 4.75 12.35 q 5.25 9.5 4.65 4.05 l 4.35 4.05 l 4.35 3.25 l 4.7 3.25 l 4.7 -15.35 l 4.6 -15.35 l 4.45 -15.4 l 4.2 -15.5 l 4.05 -15.5 m 2.95 -13.95 q 2.75 -14.1 2.75 -14.35 q 2.75 -14.55 2.95 -14.75 q 3.05 -14.85 3.15 -14.9 q 3.25 -14.9 3.3 -14.9 q 3.5 -14.9 3.7 -14.75 q 3.85 -14.55 3.85 -14.35 q 3.85 -14.1 3.7 -13.95 q 3.7 -13.9 3.65 -13.9 q 3.45 -13.8 3.3 -13.8 q 3.05 -13.8 2.95 -13.95 h c
f #0f0 1 m 2.4 -37.35 q 2.5 -38.15 2.6 -39 l 2.85 -40.6 q 2.9 -41 3 -41.45 q -7 -27.8 -1.35 22.9 q -1.15 24.65 -0.95 26.4 l -0.95 26.45 q -2.05 26.45 -3.85 27.15 q -5.5 27.8 -5.95 30.2 q -5.95 30.4 -6 30.6 q -6.1 31.4 -6.15 32.2 q -6.2 34.15 -5.75 36.1 q -5.15 38.7 -3.1 39 q -2.95 39.05 -2.8 39.05 q -2.65 39.25 -2.5 39.35 q -2.1 39.55 -1.55 39.35 q -1.45 39.3 -1.35 39.25 q -1.25 39.2 -1.1 39.15 q -1.05 39.15 -1 39.1 q -0.95 39.1 -0.9 39.05 l -1.2 39.55 q -1.3 39.6 -1.4 39.65 q -1.45 39.7 -1.5 39.75 q -1.65 39.95 -1.4 40.25 q -1.1 40.4 -0.85 40.5 q -0.9 41.25 0 41.45 q 1.35 41.35 1.25 40.75 q 1.7 40.7 2.1 40.5 q 2.2 40.25 2.1 40.05 q 2.1 40 2 39.9 q 1.95 39.85 1.8 39.75 l 2.3 37.15 q 2.35 37 2.35 36.85 q 2.5 36.3 2.4 35.75 q 2.35 35.55 2.3 35.35 l 2.3 27.65 l 3.85 27.25 q 4.5 27.05 5 26.65 q 5.65 26.15 6 25.35 q 6.1 25.2 6.1 25 q 6.1 24.7 5.9 24.5 q 5.7 24.3 5.4 24.3 q 5.1 24.3 4.9 24.5 q 4.7 24.7 4.7 25 q 4.7 25.3 4.9 25.5 l 4.95 25.55 q 4.85 26.05 4.4 26.3 q 4.15 26.5 3.8 26.55 q 3.1 26.75 2.05 26.6 q 1.9 1.15 4.3 -18.9 q 4.35 -19.05 4.35 -19.2 q 4.3 -19.35 4.2 -19.55 q 2.9 -23.4 2.4 -27.5 q 2.4 -27.7 2.35 -27.95 q 2.15 -30 2.15 -32.1 q 2.15 -32.75 2.15 -33.4 q 2.2 -35.05 2.35 -36.75 q 2.35 -37.05 2.4 -37.35 m -2 27.6 q -1.3 27.5 -0.65 27.45 l -0.65 37.9 q -0.8 37.9 -0.9 37.9 q -1.75 38 -2.45 37.9 q -2.45 37.2 -3.1 37.65 q -4.4 37.4 -4.75 35.75 l -4.95 33.1 q -5.25 28.85 -3.45 27.9 q -2.7 27.7 -2 27.6 h c
f #0f0 1 m 7.85 -31.35 q 7.75 -31.35 7.65 -31.35 q 7.5 -31.4 7.4 -31.35 q 7.25 -31.4 7.15 -31.35 q 6.55 -31.4 6 -31.4 l 1.55 -31.5 q 0.25 -31.55 -0.75 -31.6 q -1.05 -31.6 -1.25 -31.6 l -1.95 -31.65 q -2.25 -31.7 -2.55 -31.7 q -3.15 -31.75 -3.6 -31.8 l -6.3 -32.2 l -6.35 -32.15 q -9.8 -27.2 -6.3 -21.45 q -5.85 -22.05 -5.05 -22.55 q -5 -22.6 -4.95 -22.65 q -4.5 -22.9 -3.95 -23.2 q -3.75 -23.25 -3.55 -23.35 q -3.5 -23.35 -3.45 -23.4 q -1.65 -24.15 1.05 -24.65 l 1.4 -24.65 q 1.7 -23.95 1.45 -21.55 l 1.25 -20.2 l 0.5 -14.15 q 0.25 -12.55 0.15 -11.1 q 0.05 -10.05 0.15 -9.55 l 0.25 -8.2 q 0.3 -7.45 0.35 -5.95 q 0.45 -4.95 0.5 -3.6 q 0.6 -1.5 1 3 q 1.2 5.35 1.5 8.3 l 1.7 10.6 q 2.35 17.45 1.3 21.65 q 0.1 24.4 -0.15 26.6 q -0.45 27.95 0.2 28.7 l 3.25 31.95 q 4.2 32.65 4.4 31.45 q 3.85 28.65 4.4 23.15 q 5.3 17.05 4.65 10.95 l 4.35 8 q 4.1 5.35 3.95 3 q 3.75 -0.25 3.7 -2.8 l 3.6 -5.95 l 3.45 -10.75 q 3.3 -13.35 4.25 -17.05 q 4.45 -17.75 4.7 -18.55 q 5 -19.45 5.2 -20.2 q 5.25 -20.25 5.25 -20.3 q 6.1 -23 6.25 -24.3 q 6.3 -24.5 6.3 -24.65 l 7.85 -24.65 l 8.05 -24.65 l 8.05 -31.35 q 7.95 -31.35 7.85 -31.35 c
f #0f0 1 m 2.25 -29.85 l 2.25 19.15 2.25 19.65 2.2 33.6 2.1 36.5 q 1.9 37.25 0.95 37.2 l -2.05 37.2 q -2.9 37.05 -2.85 36.5 l -2.85 36.2 -2.8 35.9 q -2.7 34.85 -2.15 34.3 -1.8 33.9 -1.7 32.65 l -1.6 27.0 q -1.55 25.2 -1.85 23.85 l -2.1 22.65 q -2.2 22.0 -2.55 21.6 l -3.4 20.4 -3.2 19.8 -2.55 19.15 -4.65 -21.2 q -4.45 -24.25 -2.25 -27.0 l -0.95 -28.35 0.15 -29.15 1.55 -29.75 2.25 -29.85 M0.7 35.8 l 0.9 35.3 0.7 34.8 0.15 34.55 -0.35 34.8 -0.6 35.3 -0.35 35.8 0.15 36.05 0.7 35.8 c
f #0f0 1 m 2 -52.75 l 2.6 -64.2 l -0.05 -83.35 l -2.5 -64.2 l -1.95 -53.55 q -2.5 -53.65 -1.9 -52.7 l -1.75 -49.2 l -1.7 -49 l -1.7 -48.9 q -2.1 -48.45 -1.75 -48.4 q -1.9 -48.35 -1.85 -48.15 q -1.85 -47.95 -1.65 -47.65 l -1.6 -46 q -1.4 -45.95 -1.3 -45.5 q -1.85 -44.8 -1.2 -44.75 l -1.2 -44.7 q -1.2 -44.45 -1.15 -44.3 l -2.9 -43.9 q -3.55 -43.6 -3.3 -43.3 q -3.2 -43.15 -2.9 -43 l -1.1 -43 l -1.2 -42.8 q -1 -42.7 -0.85 -42.7 l -0.85 -39.1 q -1.35 -38.05 -0.85 -37.15 l -0.85 -34 q -1 -33.75 -1.05 -33.6 q -1.1 -33.35 -0.9 -33.25 q -0.9 -33.15 -0.85 -33.1 l -0.85 -30.3 q -1 -29.85 -1.1 -29.55 l -1.1 -29.05 l -0.85 -29.05 l -1.45 82.4 q -1.25 82.8 -0.75 83 q -0.3 83.25 -0.05 83.2 q 0.25 83.2 0.7 83 q 1.25 82.75 1.45 82.4 l 0.85 -30.95 q 1.05 -31 1.05 -31.3 q 1.05 -31.45 0.95 -31.5 q 0.9 -31.55 0.85 -31.65 l 0.85 -33.6 q 1.1 -34.35 1.1 -34.55 q 1.1 -34.75 1 -34.85 q 0.95 -35 0.85 -35.35 l 0.85 -37.2 q 1.4 -38.1 0.85 -38.15 q 1.3 -38.9 0.85 -39.65 l 0.85 -42.3 q 1.1 -42.75 1 -42.95 l 1 -43 l 2.75 -43 q 3.05 -43.15 3.15 -43.3 q 3.4 -43.6 2.75 -43.9 l 1.35 -44.25 q 1.35 -44.35 1.3 -44.5 l 1.15 -44.55 q 1 -44.55 0.95 -44.5 q 1 -44.75 1 -44.8 q 1.15 -45.95 1.6 -46 l 1.7 -47.55 q 2.25 -48.2 1.75 -48.4 l 1.75 -48.6 q 2.25 -48.75 1.8 -49.3 l 1.9 -51.55 q 2.35 -52.25 2 -52.75 m -1.6 -48.5 l -1.6 -48.45 l -1.65 -48.5 l -1.6 -48.5 h c
f #0f0 1 m c
f #0f0 1 m 2 -22.95 l 0 -83.25 l -2 -22.95 l -1.2 82.45 q -0.65 83.25 0 83.15 q 0.55 83.1 1.2 82.45 l 2 -22.95 c
f #0f0 1 m 7.25 6.25 q 7.35 5.45 7.7 4.85 q 8.15 4 9.1 3.5 q 8.25 3.7 7.7 4.35 q 7.05 5.05 6.8 6.25 l 5.2 12.65 q 5.05 13.35 3.5 13.5 l 1.45 13.5 l 0.15 -31 l -0.1 -31 l -1.5 13.5 l -3.5 13.5 q -5.05 13.35 -5.2 12.65 l -6.8 6.25 q -7.05 5.1 -7.6 4.45 q -8.2 3.75 -9.1 3.5 q -8.15 4 -7.65 4.85 q -7.35 5.45 -7.25 6.25 l -6.65 13.3 q -6.3 15.2 -4.5 15.5 l -1.5 15.5 l -1.5 27.75 q -1.2 27.75 -0.95 27.95 q -0.85 28.1 -0.8 28.25 q -0.75 28.35 -0.75 28.5 q -0.75 28.8 -0.95 29 q -1.2 29.25 -1.45 29.25 l -1.5 29.25 l -1.5 29.5 q -1.5 30.1 -1.05 30.55 q -0.8 30.8 -0.5 30.9 q -0.25 31 0 31 q 0.25 31 0.5 30.9 q 0.8 30.8 1.05 30.55 q 1.5 30.1 1.5 29.5 l 1.5 29.25 q 1.2 29.25 1 29 q 0.75 28.8 0.75 28.5 q 0.75 28.35 0.8 28.25 q 0.85 28.1 1 27.95 q 1.2 27.75 1.5 27.75 l 1.5 15.5 l 4.5 15.5 q 6.3 15.2 6.65 13.3 l 7.25 6.25 c
f #000 0.298039 m 50 30 l 50 20 l 0 20 l 0 30 l 50 30 c
f #c5b1a0 1 m 50 8 l 50 5 l 0 5 l 0 8 l 50 8 c f #d7cabd 1 m 49.95 13 l 50 13 l 50 8 l 0 8 l 0 13 l 49.95 13 c f #f1e7dd 1 m 49.95 20 l 49.95 13 l 0 13 l 0 20 l 49.95 20 c f #d7cabd 1 m 50 5 l 50 3 l 49.95 3 l 0 3 l 0 5 l 50 5 c f #f1e7dd 1 m 49.95 3 l 49.95 0 l 0 0 l 0 3 l 49.95 3 c
f #000 0.298039 m 45 40 l 50 30 l 0 30 l 0 0 l -5 10 l -5 40 l 45 40 c f #000 0.298039 m 48 3 l 48 2 l 2 2 l 2 3 l 48 3 c
f #999 1 m 50 30 l 50 0 l 0 0 l 0 30 l 50 30 m 48 2 l 48 4 l 48 6 l 48 8 l 48 10 l 48 12 l 48 14 l 48 16 l 48 18 l 48 20 l 48 22 l 48 24 l 48 26 l 48 28 l 2 28 l 2 26 l 2 24 l 2 22 l 2 20 l 2 18 l 2 16 l 2 14 l 2 12 l 2 10 l 2 8 l 2 6 l 2 4 l 2 2 l 48 2 h c f #666 1 m 48 26 l 48 24 l 2 24 l 2 26 l 48 26 c f #808080 1 m 48 28 l 48 26 l 2 26 l 2 28 l 48 28 c f #666 1 m 48 14 l 48 12 l 2 12 l 2 14 l 48 14 c f #808080 1 m 48 16 l 48 14 l 2 14 l 2 16 l 48 16 c f #666 1 m 48 18 l 48 16 l 2 16 l 2 18 l 48 18 c f #808080 1 m 48 20 l 48 18 l 2 18 l 2 20 l 48 20 c f #666 1 m 48 22 l 48 20 l 2 20 l 2 22 l 48 22 c f #808080 1 m 48 24 l 48 22 l 2 22 l 2 24 l 48 24 c f #808080 1 m 48 8 l 48 6 l 2 6 l 2 8 l 48 8 c f #666 1 m 48 10 l 48 8 l 2 8 l 2 10 l 48 10 c f #808080 1 m 48 12 l 48 10 l 2 10 l 2 12 l 48 12 c f #666 1 m 48 6 l 48 4 l 2 4 l 2 6 l 48 6 c f #808080 1 m 48 4 l 48 2 l 2 2 l 2 4 l 48 4 c
f #161c1d 1 m 60 6.75 l 60 0 l 51 0 l 46 0 l 0 0 l 0 47 l 60 47 l 60 6.75 m 53 6.75 l 53 8 l 53 42 l 51 42 l 7 42 l 7 4 l 46 4 l 51 4 l 53 4 l 53 6.75 h c f #7ca5b6 0.25098 m 53 8 l 53 6.75 l 53 4 l 51 4 l 46 4 l 7 4 l 7 42 l 51 42 l 53 42 l 53 8 c
f #8d9193 1 m 50.5 47 l 50.5 45.45 l 50.5 42 l -4.5 42 l -4.5 47 l 50.5 47 c f #8d9193 1 m 47.5 -1.5 l 44 -1.5 l 39 -1.5 l -2.5 -1.5 l -2.5 0 l -2.5 4 l 39 4 l 44 4 l 44 38 l 47.5 38 l 47.5 4 l 47.5 2.75 l 47.5 -1.5 c
f #8d9193 1 m 52.5 46 l 52.5 44.75 l 52.5 40.5 l -2 40.5 l -2 46 l 48 46 l 48 80 l 52.5 80 l 52.5 46 c f #8d9193 1 m 52.5 -2.5 l -2 -2.5 l -2 4 l 0 4 l 3.5 4 l 48 4 l 48 38 l 52.5 38 l 52.5 -2.5 c
f #cbd0d3 1 m 60 90 l 60 0 l 0 0 l 0 90 l 60 90 c
f #000 1 m 60 90 l 60 0 l 0 0 l 0 90 l 60 90 c
f #e2ad10 1 m 0 180 l 120 180 l 120 0 l 0 0 l 0 180 c
f #8c7967 1 m 14 4 l 14 0 l 0 0 l 0 4 l 14 4 c
f #847768 1 m 0 4 l 14 4 l 14 0 l 0 0 l 0 4 c
f #8d7a6d 1 m 0 4 l 14 4 l 14 0 l 0 0 l 0 4 c
f #a48c76 1 m 0 0 l 0 4 l 14 4 l 14 0 l 0 0 c
f #8a7768 1 m 0 4 l 14 4 l 14 0 l 0 0 l 0 4 c
f #887360 1 m 0 4 l 14 4 l 14 0 l 0 0 l 0 4 c
f #7d6a59 1 m 0 4 l 14 4 l 14 0 l 0 0 l 0 4 c
f #7e7264 1 m 0 0 l 0 4 l 14 4 l 14 0 l 0 0 c
f #675b4b 1 m 14 0 l 0 0 l 0 4 l 14 4 l 14 0 c
f #cbbaa2 1 m 14 4 l 14 0 l 0 0 l 0 4 l 14 4 c
f #8c7967 1 m 0 45 l 0 49 l 7 49 l 7 45 l 0 45 c f #8c7967 1 m 7 35 l 0 35 l 0 39 l 7 39 l 7 35 c f #8c7967 1 m 0 25 l 0 29 l 7 29 l 7 25 l 0 25 c f #8c7967 1 m 0 15 l 0 19 l 7 19 l 7 15 l 0 15 c f #8c7967 1 m 0 9 l 7 9 l 7 5 l 0 5 l 0 9 c f #8c7967 1 m 75 39 l 75 35 l 68 35 l 68 39 l 75 39 c f #8c7967 1 m 68 45 l 68 49 l 75 49 l 75 45 l 68 45 c f #8c7967 1 m 75 29 l 75 25 l 68 25 l 68 29 l 75 29 c f #8c7967 1 m 68 15 l 68 19 l 75 19 l 75 15 l 68 15 c f #cbbaa2 1 m 75 5 l 75 0 l 0 0 l 0 5 l 7 5 l 7 9 l 0 9 l 0 15 l 7 15 l 7 19 l 0 19 l 0 25 l 7 25 l 7 29 l 0 29 l 0 35 l 7 35 l 7 39 l 0 39 l 0 45 l 7 45 l 7 49 l 0 49 l 0 50 l 75 50 l 75 49 l 68 49 l 68 45 l 75 45 l 75 39 l 68 39 l 68 35 l 75 35 l 75 29 l 68 29 l 68 25 l 75 25 l 75 19 l 68 19 l 68 15 l 75 15 l 75 9 l 68 9 l 68 5 l 75 5 c f #8c7967 1 m 75 9 l 75 5 l 68 5 l 68 9 l 75 9 c
f #000 0.498039 m 0 178.05 l 0 180 l 29.55 180 l 31.55 180 l 32 180 l 33 180 l 66 180 l 66 178.05 l 0 178.05 c
f #474849 1 m 0 178.05 l 0 180 l 29.55 180 l 31.55 180 l 32 180 l 33 180 l 66 180 l 112 180 l 114 180 l 160 180 l 160 178.05 l 0 178.05 c f #938e8e 1 m 193 180 l 194 180 l 226 180 l 226 178.05 l 160 178.05 l 160 180 l 193 180 c f #474849 1 m 500 180 l 500 178.05 l 226 178.05 l 226 180 l 280 180 l 282 180 l 332 180 l 334 180 l 392 180 l 394 180 l 444 180 l 446 180 l 496 180 l 500 180 c
f #0f0 1 m 8 -64.65 q 8.25 -62.1 8.95 -59.75 l 9.85 -57.05 10.0 -56.65 8.7 -57.5 8.7 -57.2 8.7 -57.15 8.7 -57.05 8.95 -44.05 8.95 -42.95 8.9 -42.65 8.7 -42.15 8.15 -41.5 q 7.4 -40.7 6.3 -40.65 l 3.4 -40.65 2.95 -40.55 2.8 -40.55 q 2.4 -40.45 2.05 -40.1 1.55 -39.6 1.5 -38.85 l 1.5 65.45 q 1.7 66.85 1.35 68.2 l 1.3 68.45 q 0.35 69.35 -0.6 68.9 -1.45 68.55 -1.5 67.45 l -1.5 65.45 -1.5 -38.4 -1.5 -38.75 -1.5 -39.15 q -1.65 -39.7 -2.05 -40.1 l -2.7 -40.55 -2.8 -40.55 -3.2 -40.65 -6.2 -40.65 q -7.35 -40.7 -8.15 -41.5 l -8.65 -42.15 -8.85 -42.65 -8.95 -43.45 -8.7 -57.1 -8.7 -57.15 -8.7 -57.3 -8.7 -57.5 -10.0 -56.65 -9.15 -59.0 -8.35 -62.2 -8.25 -62.8 -8.0 -64.65 -7.65 -62.5 -7.35 -60.8 -6.2 -57.1 -6.0 -56.65 -7.3 -57.5 -7.3 -57.15 -7.3 -57.05 -7.05 -46.1 -7.0 -43.5 -6.8 -42.9 q -6.5 -42.65 -6.15 -42.65 l -1.95 -42.65 -1.85 -42.65 -1.8 -42.65 -1.75 -42.7 -1.55 -42.9 q -1.25 -43.15 -1.25 -43.5 l -0.95 -59.0 -0.95 -60.3 -0.95 -60.65 -0.95 -60.7 -0.95 -60.75 -0.95 -60.8 -0.95 -61.05 -2.5 -60.2 q -1.25 -62.45 -0.7 -65.15 l -0.3 -67.05 -0.25 -67.4 0.0 -69.1 q 0.25 -66.75 0.85 -64.65 l 1.15 -63.55 q 1.55 -62.1 2.25 -60.7 l 2.5 -60.2 1.05 -61.05 1.05 -60.8 1.05 -60.7 1.05 -60.65 1.05 -60.3 1.05 -60.25 1.1 -59.0 1.25 -43.5 1.45 -42.9 q 1.75 -42.65 2.1 -42.65 l 6.4 -42.65 6.7 -42.9 7.0 -43.5 7.05 -43.5 7.1 -46.1 7.3 -57.1 7.3 -57.15 7.3 -57.5 6.0 -56.65 6.9 -59.0 7.7 -62.2 8.0 -64.65 c